Q_LEARN
Exploration probability - 1
Exploration decay - 0.001
Gamma - 0.9
Learn Rate - 0.1
Q-table
[[-3.439      -4.0951     -2.71       -3.439     ]
 [-3.439      -1.9        -2.71       -2.71      ]
 [-1.         -1.9        -1.9        -2.71      ]
 [-3.439      -1.9        -2.71       -2.71      ]
 [-3.439      -3.439      -2.71       -3.439     ]
 [-1.          0.         -1.9        -1.        ]
 [ 0.          0.          0.          0.        ]
 [-3.43899847 -4.09509686 -2.71       -3.43899126]
 [-4.09509165 -4.09509528 -4.09508323 -3.439     ]
 [ 0.          0.          0.          0.        ]
 [ 0.          0.          0.          0.        ]
 [ 0.          0.          0.          0.        ]
 [ 0.          0.          0.          0.        ]
 [ 0.          0.          0.          0.        ]
 [ 0.          0.          0.          0.        ]
 [ 0.          0.          0.          0.        ]]

Mean rewards per episodes
0-999, -12.425425425425425
1000-1999, -4.271271271271272
2000-2999, -3.354354354354354
3000-3999, -3.123123123123123
4000-4999, -3.037037037037037
5000-5999, -3.039039039039039
6000-6999, -3.048048048048048
7000-7999, -3.039039039039039
8000-8999, -3.032032032032032
9000-9999, -3.037037037037037
Q_LEARN
Exploration probability - 1
Exploration decay - 0.001
Gamma - 0.9
Learn Rate - 0.6
Q-table
[[-3.439  -4.0951 -2.71   -3.439 ]
 [-4.0951 -4.0951 -4.0951 -3.439 ]
 [-3.439  -4.0951 -2.71   -3.439 ]
 [-3.439  -3.439  -2.71   -3.439 ]
 [-3.439  -1.9    -2.71   -2.71  ]
 [-1.     -1.9    -1.9    -2.71  ]
 [-1.      0.     -1.9    -1.    ]
 [ 0.      0.      0.      0.    ]
 [-3.439  -1.9    -2.71   -2.71  ]
 [ 0.      0.      0.      0.    ]
 [ 0.      0.      0.      0.    ]
 [ 0.      0.      0.      0.    ]
 [ 0.      0.      0.      0.    ]
 [ 0.      0.      0.      0.    ]
 [ 0.      0.      0.      0.    ]
 [ 0.      0.      0.      0.    ]]

Mean rewards per episodes
0-999, -12.168168168168169
1000-1999, -4.129129129129129
2000-2999, -3.3613613613613613
3000-3999, -3.115115115115115
4000-4999, -3.04004004004004
5000-5999, -3.05005005005005
6000-6999, -3.044044044044044
7000-7999, -3.051051051051051
8000-8999, -3.037037037037037
9000-9999, -3.045045045045045
Q_LEARN
Exploration probability - 1
Exploration decay - 0.001
Gamma - 0.9
Learn Rate - 0.01
Q-table
[[-3.15253229 -3.43931641 -2.71       -3.15929767]
 [-2.99469581 -1.9        -2.37812954 -2.40329279]
 [-3.3117535  -1.89999761 -2.67490731 -2.66512049]
 [-3.10686368 -3.08562063 -2.695132   -3.02290225]
 [-1.         -1.89463977 -1.89150127 -2.69587388]
 [-0.98967206  0.         -1.87059986 -0.9913812 ]
 [ 0.          0.          0.          0.        ]
 [-3.25315755 -3.24982961 -3.25354312 -3.24896966]
 [-2.84260458 -2.73389839 -2.6906216  -2.69077608]
 [ 0.          0.          0.          0.        ]
 [ 0.          0.          0.          0.        ]
 [ 0.          0.          0.          0.        ]
 [ 0.          0.          0.          0.        ]
 [ 0.          0.          0.          0.        ]
 [ 0.          0.          0.          0.        ]
 [ 0.          0.          0.          0.        ]]

Mean rewards per episodes
0-999, -13.716716716716716
1000-1999, -4.367367367367367
2000-2999, -3.3653653653653652
3000-3999, -3.116116116116116
4000-4999, -3.051051051051051
5000-5999, -3.041041041041041
6000-6999, -3.036036036036036
7000-7999, -3.062062062062062
8000-8999, -3.043043043043043
9000-9999, -3.047047047047047
Q_LEARN
Exploration probability - 1
Exploration decay - 0.001
Gamma - 1.0
Learn Rate - 0.1
Q-table
[[-4.         -5.         -3.         -4.        ]
 [-4.99998073 -4.99998676 -4.9999869  -4.        ]
 [-3.99999621 -4.99997658 -3.         -3.99998608]
 [-4.         -4.         -3.         -4.        ]
 [-4.         -2.         -3.         -3.        ]
 [-1.         -2.         -2.         -3.        ]
 [-1.          0.         -2.         -1.        ]
 [ 0.          0.          0.          0.        ]
 [-4.         -2.         -3.         -3.        ]
 [ 0.          0.          0.          0.        ]
 [ 0.          0.          0.          0.        ]
 [ 0.          0.          0.          0.        ]
 [ 0.          0.          0.          0.        ]
 [ 0.          0.          0.          0.        ]
 [ 0.          0.          0.          0.        ]
 [ 0.          0.          0.          0.        ]]

Mean rewards per episodes
0-999, -12.147147147147146
1000-1999, -4.2542542542542545
2000-2999, -3.4104104104104103
3000-3999, -3.1021021021021022
4000-4999, -3.066066066066066
5000-5999, -3.022022022022022
6000-6999, -3.031031031031031
7000-7999, -3.044044044044044
8000-8999, -3.03003003003003
9000-9999, -3.034034034034034
Q_LEARN
Exploration probability - 1
Exploration decay - 0.001
Gamma - 0.4
Learn Rate - 0.1
Q-table
[[-1.624      -1.6496     -1.56       -1.624     ]
 [-1.62399895 -1.64959071 -1.56       -1.62399635]
 [-1.624      -1.4        -1.56       -1.56      ]
 [-1.         -1.4        -1.4        -1.56      ]
 [-1.624      -1.624      -1.56       -1.624     ]
 [-1.          0.         -1.4        -1.        ]
 [ 0.          0.          0.          0.        ]
 [-1.624      -1.4        -1.56       -1.56      ]
 [-1.64959052 -1.64959491 -1.64959702 -1.624     ]
 [ 0.          0.          0.          0.        ]
 [ 0.          0.          0.          0.        ]
 [ 0.          0.          0.          0.        ]
 [ 0.          0.          0.          0.        ]
 [ 0.          0.          0.          0.        ]
 [ 0.          0.          0.          0.        ]
 [ 0.          0.          0.          0.        ]]

Mean rewards per episodes
0-999, -11.865865865865866
1000-1999, -4.2692692692692695
2000-2999, -3.3913913913913913
3000-3999, -3.13013013013013
4000-4999, -3.035035035035035
5000-5999, -3.037037037037037
6000-6999, -3.037037037037037
7000-7999, -3.038038038038038
8000-8999, -3.038038038038038
9000-9999, -3.036036036036036
Q_LEARN
Exploration probability - 1
Exploration decay - 0.006
Gamma - 0.9
Learn Rate - 0.1
Q-table
[[-3.42791522 -4.08609884 -2.71       -3.43732469]
 [-3.4098847  -1.9        -2.70176553 -2.70773853]
 [-3.4326667  -1.9        -2.70811397 -2.70957337]
 [-3.36695677 -3.38826765 -2.70985844 -3.39452248]
 [-1.         -1.89998254 -1.89999215 -2.7098389 ]
 [-0.99997609  0.         -1.89997246 -0.9999873 ]
 [ 0.          0.          0.          0.        ]
 [-3.22631816 -3.05167252 -2.70999849 -3.10280382]
 [-3.59723392 -3.5604706  -3.50617184 -3.43800481]
 [ 0.          0.          0.          0.        ]
 [ 0.          0.          0.          0.        ]
 [ 0.          0.          0.          0.        ]
 [ 0.          0.          0.          0.        ]
 [ 0.          0.          0.          0.        ]
 [ 0.          0.          0.          0.        ]
 [ 0.          0.          0.          0.        ]]

Mean rewards per episodes
0-999, -4.975975975975976
1000-1999, -3.036036036036036
2000-2999, -3.046046046046046
3000-3999, -3.031031031031031
4000-4999, -3.044044044044044
5000-5999, -3.036036036036036
6000-6999, -3.037037037037037
7000-7999, -3.04004004004004
8000-8999, -3.043043043043043
9000-9999, -3.034034034034034
SARSA
Exploration probability - 1
Exploration decay - 0.001
Gamma - 0.9
Learn Rate - 0.1
Q-table
[[-3.47346803 -4.38218723 -2.71764357 -3.5415289 ]
 [-6.10844483 -6.07290025 -6.34178821 -3.60458931]
 [-5.07564223 -6.18677425 -2.73494153 -5.0645063 ]
 [-5.14609069 -5.85227554 -3.22124325 -5.26685341]
 [-4.53269027 -1.91872968 -3.45499601 -3.55595052]
 [-1.00000953 -1.93377755 -1.91613782 -2.74196313]
 [-1.00691107  0.         -1.91844995 -1.01346521]
 [ 0.          0.          0.          0.        ]
 [-3.54925759 -1.90177658 -2.75806929 -2.75352614]
 [ 0.          0.          0.          0.        ]
 [ 0.          0.          0.          0.        ]
 [ 0.          0.          0.          0.        ]
 [ 0.          0.          0.          0.        ]
 [ 0.          0.          0.          0.        ]
 [ 0.          0.          0.          0.        ]
 [ 0.          0.          0.          0.        ]]

Mean rewards per episodes
0-999, -12.57057057057057
1000-1999, -4.295295295295295
2000-2999, -3.3883883883883885
3000-3999, -3.1281281281281283
4000-4999, -3.043043043043043
5000-5999, -3.037037037037037
6000-6999, -3.029029029029029
7000-7999, -3.048048048048048
8000-8999, -3.03003003003003
9000-9999, -3.042042042042042
SARSA
Exploration probability - 1
Exploration decay - 0.001
Gamma - 0.9
Learn Rate - 0.6
Q-table
[[-3.89574757 -4.16063562 -2.71       -3.57645681]
 [-5.43657445 -4.81939608 -4.60000095 -3.52977742]
 [-4.52147849 -4.30133564 -2.7664351  -3.63310128]
 [-3.92481035 -1.91194394 -3.40896464 -2.92348431]
 [-4.66366493 -4.63325597 -2.85447929 -4.60182716]
 [-1.         -2.50341265 -2.46580433 -2.73930846]
 [-1.          0.         -1.90000685 -1.00000689]
 [ 0.          0.          0.          0.        ]
 [-3.44973508 -1.9        -2.91587331 -3.52484146]
 [ 0.          0.          0.          0.        ]
 [ 0.          0.          0.          0.        ]
 [ 0.          0.          0.          0.        ]
 [ 0.          0.          0.          0.        ]
 [ 0.          0.          0.          0.        ]
 [ 0.          0.          0.          0.        ]
 [ 0.          0.          0.          0.        ]]

Mean rewards per episodes
0-999, -13.048048048048049
1000-1999, -4.617617617617618
2000-2999, -3.5175175175175175
3000-3999, -3.2532532532532534
4000-4999, -3.1281281281281283
5000-5999, -3.096096096096096
6000-6999, -3.09009009009009
7000-7999, -3.064064064064064
8000-8999, -3.1581581581581584
9000-9999, -3.2312312312312312
SARSA
Exploration probability - 1
Exploration decay - 0.001
Gamma - 0.9
Learn Rate - 0.01
Q-table
[[-3.70643524 -4.2586834  -2.74536933 -3.95879659]
 [-4.12886236 -4.12695842 -4.13190928 -4.10642374]
 [-3.81474959 -3.77310425 -3.32058255 -3.75629965]
 [-4.24753041 -2.06238612 -3.71081528 -3.69256061]
 [-1.01744186 -2.51795817 -2.43196846 -3.54929478]
 [-1.30581445  0.         -2.48427617 -1.28722197]
 [ 0.          0.          0.          0.        ]
 [-3.42205128 -1.92415798 -3.03423133 -3.14381294]
 [-3.95448046 -3.93903394 -3.77606503 -3.95320784]
 [ 0.          0.          0.          0.        ]
 [ 0.          0.          0.          0.        ]
 [ 0.          0.          0.          0.        ]
 [ 0.          0.          0.          0.        ]
 [ 0.          0.          0.          0.        ]
 [ 0.          0.          0.          0.        ]
 [ 0.          0.          0.          0.        ]]

Mean rewards per episodes
0-999, -14.972972972972974
1000-1999, -4.323323323323323
2000-2999, -3.3453453453453452
3000-3999, -3.125125125125125
4000-4999, -3.048048048048048
5000-5999, -3.05005005005005
6000-6999, -3.041041041041041
7000-7999, -3.029029029029029
8000-8999, -3.047047047047047
9000-9999, -3.041041041041041
SARSA
Exploration probability - 1
Exploration decay - 0.001
Gamma - 1.0
Learn Rate - 0.1
Q-table
[[ -4.09954351  -5.59555857  -3.05710869  -4.14555429]
 [ -8.02692123  -9.26359661  -3.05081704  -7.94273915]
 [-10.24033233  -9.18926711  -4.15941209  -9.56277394]
 [ -6.7674943   -2.06910011  -4.54582374  -4.44630543]
 [ -1.00000128  -2.01487648  -2.06675148  -3.44411389]
 [ -1.00830922   0.          -2.02496401  -1.00259817]
 [  0.           0.           0.           0.        ]
 [ -4.20472814  -2.00001534  -3.05686695  -3.22220816]
 [-10.72780688 -10.66235278 -12.13232801  -4.19437998]
 [  0.           0.           0.           0.        ]
 [  0.           0.           0.           0.        ]
 [  0.           0.           0.           0.        ]
 [  0.           0.           0.           0.        ]
 [  0.           0.           0.           0.        ]
 [  0.           0.           0.           0.        ]
 [  0.           0.           0.           0.        ]]

Mean rewards per episodes
0-999, -12.92092092092092
1000-1999, -4.315315315315315
2000-2999, -3.3503503503503502
3000-3999, -3.113113113113113
4000-4999, -3.056056056056056
5000-5999, -3.046046046046046
6000-6999, -3.021021021021021
7000-7999, -3.031031031031031
8000-8999, -3.047047047047047
9000-9999, -3.039039039039039
SARSA
Exploration probability - 1
Exploration decay - 0.001
Gamma - 0.4
Learn Rate - 0.1
Q-table
[[-1.62681193 -1.6521744  -1.5623875  -1.62687811]
 [-1.66164138 -1.66170832 -1.66224621 -1.62995268]
 [-1.64836274 -1.66146545 -1.56327947 -1.64869117]
 [-1.65430281 -1.65609288 -1.5810929  -1.65192011]
 [-1.64408465 -1.40294658 -1.60109818 -1.60051303]
 [-1.         -1.40256463 -1.40654173 -1.56590704]
 [-1.02703568  0.         -1.40853394 -1.00293347]
 [ 0.          0.          0.          0.        ]
 [-1.62628711 -1.40016009 -1.5631661  -1.56374471]
 [ 0.          0.          0.          0.        ]
 [ 0.          0.          0.          0.        ]
 [ 0.          0.          0.          0.        ]
 [ 0.          0.          0.          0.        ]
 [ 0.          0.          0.          0.        ]
 [ 0.          0.          0.          0.        ]
 [ 0.          0.          0.          0.        ]]

Mean rewards per episodes
0-999, -12.653653653653654
1000-1999, -4.28028028028028
2000-2999, -3.3453453453453452
3000-3999, -3.144144144144144
4000-4999, -3.052052052052052
5000-5999, -3.05005005005005
6000-6999, -3.065065065065065
7000-7999, -3.03003003003003
8000-8999, -3.044044044044044
9000-9999, -3.039039039039039
SARSA
Exploration probability - 1
Exploration decay - 0.006
Gamma - 0.9
Learn Rate - 0.1
Q-table
[[-3.51091732 -4.52721315 -2.85761707 -3.69150615]
 [-5.11845638 -5.12110509 -5.09915815 -3.6308425 ]
 [-4.89767417 -4.99627491 -2.7352421  -4.87499113]
 [-5.17187537 -1.91219564 -4.1196095  -4.02763405]
 [-1.         -1.94177445 -1.95473667 -2.82481588]
 [-1.01726254  0.         -2.050278   -1.01372147]
 [ 0.          0.          0.          0.        ]
 [-5.04420664 -5.00864131 -4.12207876 -5.17026924]
 [-3.53275471 -1.9        -2.79898293 -2.91226124]
 [ 0.          0.          0.          0.        ]
 [ 0.          0.          0.          0.        ]
 [ 0.          0.          0.          0.        ]
 [ 0.          0.          0.          0.        ]
 [ 0.          0.          0.          0.        ]
 [ 0.          0.          0.          0.        ]
 [ 0.          0.          0.          0.        ]]

Mean rewards per episodes
0-999, -5.243243243243243
1000-1999, -3.057057057057057
2000-2999, -3.046046046046046
3000-3999, -3.031031031031031
4000-4999, -3.042042042042042
5000-5999, -3.037037037037037
6000-6999, -3.033033033033033
7000-7999, -3.031031031031031
8000-8999, -3.032032032032032
9000-9999, -3.045045045045045
